2021/09/09-09:33:40.615651 7f1424f9a700 RocksDB version: 6.15.2
2021/09/09-09:33:40.615703 7f1424f9a700 Git sha rocksdb_build_git_sha:
2021/09/09-09:33:40.615707 7f1424f9a700 Compile date Jan  4 2021
2021/09/09-09:33:40.615780 7f1424f9a700 DB SUMMARY
2021/09/09-09:33:40.615783 7f1424f9a700 DB Session ID:  0J6OR7EMZ6DDV71YVFQJ
2021/09/09-09:33:40.615823 7f1424f9a700 CURRENT file:  CURRENT
2021/09/09-09:33:40.615826 7f1424f9a700 IDENTITY file:  IDENTITY
2021/09/09-09:33:40.615831 7f1424f9a700 MANIFEST file:  MANIFEST-000003 size: 497 Bytes
2021/09/09-09:33:40.615834 7f1424f9a700 SST files in /wrk/data/database dir, Total Num: 0, files: 
2021/09/09-09:33:40.615837 7f1424f9a700 Write Ahead Log file in /wrk/data/database: 000004.log size: 1778 ; 
2021/09/09-09:33:40.615840 7f1424f9a700                         Options.error_if_exists: 0
2021/09/09-09:33:40.615841 7f1424f9a700                       Options.create_if_missing: 1
2021/09/09-09:33:40.615843 7f1424f9a700                         Options.paranoid_checks: 1
2021/09/09-09:33:40.615844 7f1424f9a700                               Options.track_and_verify_wals_in_manifest: 0
2021/09/09-09:33:40.615845 7f1424f9a700                                     Options.env: 0x7f13af8d33c0
2021/09/09-09:33:40.615847 7f1424f9a700                                      Options.fs: Posix File System
2021/09/09-09:33:40.615848 7f1424f9a700                                Options.info_log: 0x7f14217d50c0
2021/09/09-09:33:40.615849 7f1424f9a700                Options.max_file_opening_threads: 16
2021/09/09-09:33:40.615850 7f1424f9a700                              Options.statistics: 0x7f142175fcf0
2021/09/09-09:33:40.615852 7f1424f9a700                               Options.use_fsync: 0
2021/09/09-09:33:40.615853 7f1424f9a700                       Options.max_log_file_size: 0
2021/09/09-09:33:40.615854 7f1424f9a700                  Options.max_manifest_file_size: 1073741824
2021/09/09-09:33:40.615855 7f1424f9a700                   Options.log_file_time_to_roll: 0
2021/09/09-09:33:40.615856 7f1424f9a700                       Options.keep_log_file_num: 1000
2021/09/09-09:33:40.615858 7f1424f9a700                    Options.recycle_log_file_num: 0
2021/09/09-09:33:40.615859 7f1424f9a700                         Options.allow_fallocate: 1
2021/09/09-09:33:40.615860 7f1424f9a700                        Options.allow_mmap_reads: 0
2021/09/09-09:33:40.615861 7f1424f9a700                       Options.allow_mmap_writes: 0
2021/09/09-09:33:40.615862 7f1424f9a700                        Options.use_direct_reads: 0
2021/09/09-09:33:40.615863 7f1424f9a700                        Options.use_direct_io_for_flush_and_compaction: 0
2021/09/09-09:33:40.615865 7f1424f9a700          Options.create_missing_column_families: 1
2021/09/09-09:33:40.615866 7f1424f9a700                              Options.db_log_dir: 
2021/09/09-09:33:40.615867 7f1424f9a700                                 Options.wal_dir: /wrk/data/database
2021/09/09-09:33:40.615868 7f1424f9a700                Options.table_cache_numshardbits: 6
2021/09/09-09:33:40.615869 7f1424f9a700                         Options.WAL_ttl_seconds: 0
2021/09/09-09:33:40.615871 7f1424f9a700                       Options.WAL_size_limit_MB: 0
2021/09/09-09:33:40.615872 7f1424f9a700                        Options.max_write_batch_group_size_bytes: 1048576
2021/09/09-09:33:40.615873 7f1424f9a700             Options.manifest_preallocation_size: 4194304
2021/09/09-09:33:40.615874 7f1424f9a700                     Options.is_fd_close_on_exec: 1
2021/09/09-09:33:40.615876 7f1424f9a700                   Options.advise_random_on_open: 1
2021/09/09-09:33:40.615877 7f1424f9a700                    Options.db_write_buffer_size: 0
2021/09/09-09:33:40.615878 7f1424f9a700                    Options.write_buffer_manager: 0x7f14217d43b0
2021/09/09-09:33:40.615879 7f1424f9a700         Options.access_hint_on_compaction_start: 1
2021/09/09-09:33:40.615880 7f1424f9a700  Options.new_table_reader_for_compaction_inputs: 0
2021/09/09-09:33:40.615881 7f1424f9a700           Options.random_access_max_buffer_size: 1048576
2021/09/09-09:33:40.615883 7f1424f9a700                      Options.use_adaptive_mutex: 0
2021/09/09-09:33:40.615894 7f1424f9a700                            Options.rate_limiter: (nil)
2021/09/09-09:33:40.615898 7f1424f9a700     Options.sst_file_manager.rate_bytes_per_sec: 0
2021/09/09-09:33:40.615900 7f1424f9a700                       Options.wal_recovery_mode: 2
2021/09/09-09:33:40.615901 7f1424f9a700                  Options.enable_thread_tracking: 0
2021/09/09-09:33:40.615902 7f1424f9a700                  Options.enable_pipelined_write: 0
2021/09/09-09:33:40.615903 7f1424f9a700                  Options.unordered_write: 0
2021/09/09-09:33:40.615904 7f1424f9a700         Options.allow_concurrent_memtable_write: 1
2021/09/09-09:33:40.615906 7f1424f9a700      Options.enable_write_thread_adaptive_yield: 1
2021/09/09-09:33:40.615907 7f1424f9a700             Options.write_thread_max_yield_usec: 100
2021/09/09-09:33:40.615908 7f1424f9a700            Options.write_thread_slow_yield_usec: 3
2021/09/09-09:33:40.615909 7f1424f9a700                               Options.row_cache: None
2021/09/09-09:33:40.615910 7f1424f9a700                              Options.wal_filter: None
2021/09/09-09:33:40.615912 7f1424f9a700             Options.avoid_flush_during_recovery: 0
2021/09/09-09:33:40.615913 7f1424f9a700             Options.allow_ingest_behind: 0
2021/09/09-09:33:40.615914 7f1424f9a700             Options.preserve_deletes: 0
2021/09/09-09:33:40.615915 7f1424f9a700             Options.two_write_queues: 0
2021/09/09-09:33:40.615917 7f1424f9a700             Options.manual_wal_flush: 0
2021/09/09-09:33:40.615918 7f1424f9a700             Options.atomic_flush: 0
2021/09/09-09:33:40.615919 7f1424f9a700             Options.avoid_unnecessary_blocking_io: 0
2021/09/09-09:33:40.615920 7f1424f9a700                 Options.persist_stats_to_disk: 0
2021/09/09-09:33:40.615921 7f1424f9a700                 Options.write_dbid_to_manifest: 0
2021/09/09-09:33:40.615923 7f1424f9a700                 Options.log_readahead_size: 0
2021/09/09-09:33:40.615924 7f1424f9a700                 Options.file_checksum_gen_factory: Unknown
2021/09/09-09:33:40.615925 7f1424f9a700                 Options.best_efforts_recovery: 0
2021/09/09-09:33:40.615926 7f1424f9a700                Options.max_bgerror_resume_count: 2147483647
2021/09/09-09:33:40.615927 7f1424f9a700            Options.bgerror_resume_retry_interval: 1000000
2021/09/09-09:33:40.615929 7f1424f9a700             Options.allow_data_in_errors: 0
2021/09/09-09:33:40.615930 7f1424f9a700             Options.db_host_id: __hostname__
2021/09/09-09:33:40.615932 7f1424f9a700             Options.max_background_jobs: 2
2021/09/09-09:33:40.615933 7f1424f9a700             Options.max_background_compactions: 4
2021/09/09-09:33:40.615935 7f1424f9a700             Options.max_subcompactions: 1
2021/09/09-09:33:40.615936 7f1424f9a700             Options.avoid_flush_during_shutdown: 0
2021/09/09-09:33:40.615937 7f1424f9a700           Options.writable_file_max_buffer_size: 1048576
2021/09/09-09:33:40.615938 7f1424f9a700             Options.delayed_write_rate : 16777216
2021/09/09-09:33:40.615939 7f1424f9a700             Options.max_total_wal_size: 0
2021/09/09-09:33:40.615941 7f1424f9a700             Options.delete_obsolete_files_period_micros: 21600000000
2021/09/09-09:33:40.615942 7f1424f9a700                   Options.stats_dump_period_sec: 600
2021/09/09-09:33:40.615943 7f1424f9a700                 Options.stats_persist_period_sec: 600
2021/09/09-09:33:40.615944 7f1424f9a700                 Options.stats_history_buffer_size: 1048576
2021/09/09-09:33:40.615946 7f1424f9a700                          Options.max_open_files: 1024
2021/09/09-09:33:40.615947 7f1424f9a700                          Options.bytes_per_sync: 0
2021/09/09-09:33:40.615948 7f1424f9a700                      Options.wal_bytes_per_sync: 0
2021/09/09-09:33:40.615949 7f1424f9a700                   Options.strict_bytes_per_sync: 0
2021/09/09-09:33:40.615950 7f1424f9a700       Options.compaction_readahead_size: 0
2021/09/09-09:33:40.615951 7f1424f9a700                  Options.max_background_flushes: -1
2021/09/09-09:33:40.615959 7f1424f9a700 Compression algorithms supported:
2021/09/09-09:33:40.615961 7f1424f9a700 	kZSTDNotFinalCompression supported: 1
2021/09/09-09:33:40.615968 7f1424f9a700 	kZSTD supported: 1
2021/09/09-09:33:40.615969 7f1424f9a700 	kXpressCompression supported: 0
2021/09/09-09:33:40.615971 7f1424f9a700 	kLZ4HCCompression supported: 1
2021/09/09-09:33:40.615973 7f1424f9a700 	kLZ4Compression supported: 1
2021/09/09-09:33:40.615974 7f1424f9a700 	kBZip2Compression supported: 1
2021/09/09-09:33:40.615976 7f1424f9a700 	kZlibCompression supported: 1
2021/09/09-09:33:40.615977 7f1424f9a700 	kSnappyCompression supported: 1
2021/09/09-09:33:40.615982 7f1424f9a700 Fast CRC32 supported: Not supported on x86
2021/09/09-09:33:40.616080 7f1424f9a700 [/version_set.cc:4725] Recovering from manifest file: /wrk/data/database/MANIFEST-000003
2021/09/09-09:33:40.616308 7f1424f9a700 [/column_family.cc:597] --------------- Options for column family [default]:
2021/09/09-09:33:40.616313 7f1424f9a700               Options.comparator: leveldb.BytewiseComparator
2021/09/09-09:33:40.616314 7f1424f9a700           Options.merge_operator: None
2021/09/09-09:33:40.616316 7f1424f9a700        Options.compaction_filter: None
2021/09/09-09:33:40.616317 7f1424f9a700        Options.compaction_filter_factory: None
2021/09/09-09:33:40.616318 7f1424f9a700  Options.sst_partitioner_factory: None
2021/09/09-09:33:40.616320 7f1424f9a700         Options.memtable_factory: SkipListFactory
2021/09/09-09:33:40.616321 7f1424f9a700            Options.table_factory: BlockBasedTable
2021/09/09-09:33:40.616353 7f1424f9a700            table_factory options:   flush_block_policy_factory: FlushBlockBySizePolicyFactory (0x7f142176c150)
  cache_index_and_filter_blocks: 0
  cache_index_and_filter_blocks_with_high_priority: 1
  pin_l0_filter_and_index_blocks_in_cache: 0
  pin_top_level_index_and_filter: 1
  index_type: 0
  data_block_index_type: 0
  index_shortening: 1
  data_block_hash_table_util_ratio: 0.750000
  hash_index_allow_collision: 1
  checksum: 1
  no_block_cache: 0
  block_cache: 0x7f1421769e20
  block_cache_name: LRUCache
  block_cache_options:
    capacity : 8388608
    num_shard_bits : 4
    strict_capacity_limit : 0
    memory_allocator : None
    high_pri_pool_ratio: 0.000
  block_cache_compressed: (nil)
  persistent_cache: (nil)
  block_size: 4096
  block_size_deviation: 10
  block_restart_interval: 16
  index_block_restart_interval: 1
  metadata_block_size: 4096
  partition_filters: 0
  use_delta_encoding: 1
  filter_policy: nullptr
  whole_key_filtering: 1
  verify_compression: 0
  read_amp_bytes_per_bit: 0
  format_version: 4
  enable_index_compression: 1
  block_align: 0
2021/09/09-09:33:40.616356 7f1424f9a700        Options.write_buffer_size: 67108864
2021/09/09-09:33:40.616357 7f1424f9a700  Options.max_write_buffer_number: 2
2021/09/09-09:33:40.616359 7f1424f9a700          Options.compression: Snappy
2021/09/09-09:33:40.616360 7f1424f9a700                  Options.bottommost_compression: Disabled
2021/09/09-09:33:40.616362 7f1424f9a700       Options.prefix_extractor: nullptr
2021/09/09-09:33:40.616363 7f1424f9a700   Options.memtable_insert_with_hint_prefix_extractor: nullptr
2021/09/09-09:33:40.616364 7f1424f9a700             Options.num_levels: 7
2021/09/09-09:33:40.616366 7f1424f9a700        Options.min_write_buffer_number_to_merge: 1
2021/09/09-09:33:40.616367 7f1424f9a700     Options.max_write_buffer_number_to_maintain: 0
2021/09/09-09:33:40.616368 7f1424f9a700     Options.max_write_buffer_size_to_maintain: 134217728
2021/09/09-09:33:40.616369 7f1424f9a700            Options.bottommost_compression_opts.window_bits: -14
2021/09/09-09:33:40.616370 7f1424f9a700                  Options.bottommost_compression_opts.level: 32767
2021/09/09-09:33:40.616372 7f1424f9a700               Options.bottommost_compression_opts.strategy: 0
2021/09/09-09:33:40.616373 7f1424f9a700         Options.bottommost_compression_opts.max_dict_bytes: 0
2021/09/09-09:33:40.616374 7f1424f9a700         Options.bottommost_compression_opts.zstd_max_train_bytes: 0
2021/09/09-09:33:40.616375 7f1424f9a700         Options.bottommost_compression_opts.parallel_threads: 1
2021/09/09-09:33:40.616386 7f1424f9a700                  Options.bottommost_compression_opts.enabled: false
2021/09/09-09:33:40.616388 7f1424f9a700            Options.compression_opts.window_bits: -14
2021/09/09-09:33:40.616389 7f1424f9a700                  Options.compression_opts.level: 32767
2021/09/09-09:33:40.616391 7f1424f9a700               Options.compression_opts.strategy: 0
2021/09/09-09:33:40.616392 7f1424f9a700         Options.compression_opts.max_dict_bytes: 0
2021/09/09-09:33:40.616393 7f1424f9a700         Options.compression_opts.zstd_max_train_bytes: 0
2021/09/09-09:33:40.616394 7f1424f9a700         Options.compression_opts.parallel_threads: 1
2021/09/09-09:33:40.616395 7f1424f9a700                  Options.compression_opts.enabled: false
2021/09/09-09:33:40.616397 7f1424f9a700      Options.level0_file_num_compaction_trigger: 4
2021/09/09-09:33:40.616398 7f1424f9a700          Options.level0_slowdown_writes_trigger: 20
2021/09/09-09:33:40.616399 7f1424f9a700              Options.level0_stop_writes_trigger: 36
2021/09/09-09:33:40.616400 7f1424f9a700                   Options.target_file_size_base: 67108864
2021/09/09-09:33:40.616402 7f1424f9a700             Options.target_file_size_multiplier: 1
2021/09/09-09:33:40.616403 7f1424f9a700                Options.max_bytes_for_level_base: 268435456
2021/09/09-09:33:40.616404 7f1424f9a700 Options.level_compaction_dynamic_level_bytes: 0
2021/09/09-09:33:40.616405 7f1424f9a700          Options.max_bytes_for_level_multiplier: 10.000000
2021/09/09-09:33:40.616408 7f1424f9a700 Options.max_bytes_for_level_multiplier_addtl[0]: 1
2021/09/09-09:33:40.616409 7f1424f9a700 Options.max_bytes_for_level_multiplier_addtl[1]: 1
2021/09/09-09:33:40.616411 7f1424f9a700 Options.max_bytes_for_level_multiplier_addtl[2]: 1
2021/09/09-09:33:40.616412 7f1424f9a700 Options.max_bytes_for_level_multiplier_addtl[3]: 1
2021/09/09-09:33:40.616413 7f1424f9a700 Options.max_bytes_for_level_multiplier_addtl[4]: 1
2021/09/09-09:33:40.616414 7f1424f9a700 Options.max_bytes_for_level_multiplier_addtl[5]: 1
2021/09/09-09:33:40.616416 7f1424f9a700 Options.max_bytes_for_level_multiplier_addtl[6]: 1
2021/09/09-09:33:40.616417 7f1424f9a700       Options.max_sequential_skip_in_iterations: 8
2021/09/09-09:33:40.616418 7f1424f9a700                    Options.max_compaction_bytes: 1677721600
2021/09/09-09:33:40.616419 7f1424f9a700                        Options.arena_block_size: 8388608
2021/09/09-09:33:40.616421 7f1424f9a700   Options.soft_pending_compaction_bytes_limit: 68719476736
2021/09/09-09:33:40.616422 7f1424f9a700   Options.hard_pending_compaction_bytes_limit: 274877906944
2021/09/09-09:33:40.616423 7f1424f9a700       Options.rate_limit_delay_max_milliseconds: 100
2021/09/09-09:33:40.616424 7f1424f9a700                Options.disable_auto_compactions: 1
2021/09/09-09:33:40.616426 7f1424f9a700                        Options.compaction_style: kCompactionStyleLevel
2021/09/09-09:33:40.616427 7f1424f9a700                          Options.compaction_pri: kMinOverlappingRatio
2021/09/09-09:33:40.616429 7f1424f9a700 Options.compaction_options_universal.size_ratio: 1
2021/09/09-09:33:40.616430 7f1424f9a700 Options.compaction_options_universal.min_merge_width: 2
2021/09/09-09:33:40.616431 7f1424f9a700 Options.compaction_options_universal.max_merge_width: 4294967295
2021/09/09-09:33:40.616432 7f1424f9a700 Options.compaction_options_universal.max_size_amplification_percent: 200
2021/09/09-09:33:40.616433 7f1424f9a700 Options.compaction_options_universal.compression_size_percent: -1
2021/09/09-09:33:40.616435 7f1424f9a700 Options.compaction_options_universal.stop_style: kCompactionStopStyleTotalSize
2021/09/09-09:33:40.616436 7f1424f9a700 Options.compaction_options_fifo.max_table_files_size: 1073741824
2021/09/09-09:33:40.616437 7f1424f9a700 Options.compaction_options_fifo.allow_compaction: 0
2021/09/09-09:33:40.616441 7f1424f9a700                   Options.table_properties_collectors: 
2021/09/09-09:33:40.616443 7f1424f9a700                   Options.inplace_update_support: 0
2021/09/09-09:33:40.616453 7f1424f9a700                 Options.inplace_update_num_locks: 10000
2021/09/09-09:33:40.616455 7f1424f9a700               Options.memtable_prefix_bloom_size_ratio: 0.000000
2021/09/09-09:33:40.616457 7f1424f9a700               Options.memtable_whole_key_filtering: 0
2021/09/09-09:33:40.616458 7f1424f9a700   Options.memtable_huge_page_size: 0
2021/09/09-09:33:40.616459 7f1424f9a700                           Options.bloom_locality: 0
2021/09/09-09:33:40.616460 7f1424f9a700                    Options.max_successive_merges: 0
2021/09/09-09:33:40.616462 7f1424f9a700                Options.optimize_filters_for_hits: 0
2021/09/09-09:33:40.616463 7f1424f9a700                Options.paranoid_file_checks: 0
2021/09/09-09:33:40.616464 7f1424f9a700                Options.force_consistency_checks: 1
2021/09/09-09:33:40.616465 7f1424f9a700                Options.report_bg_io_stats: 0
2021/09/09-09:33:40.616466 7f1424f9a700                               Options.ttl: 2592000
2021/09/09-09:33:40.616468 7f1424f9a700          Options.periodic_compaction_seconds: 0
2021/09/09-09:33:40.616469 7f1424f9a700                    Options.enable_blob_files: false
2021/09/09-09:33:40.616470 7f1424f9a700                        Options.min_blob_size: 0
2021/09/09-09:33:40.616471 7f1424f9a700                       Options.blob_file_size: 268435456
2021/09/09-09:33:40.616473 7f1424f9a700                Options.blob_compression_type: NoCompression
2021/09/09-09:33:40.616474 7f1424f9a700       Options.enable_blob_garbage_collection: false
2021/09/09-09:33:40.616476 7f1424f9a700   Options.blob_garbage_collection_age_cutoff: 0.250000
2021/09/09-09:33:40.616587 7f1424f9a700 [/column_family.cc:597] --------------- Options for column family []:
2021/09/09-09:33:40.616591 7f1424f9a700               Options.comparator: leveldb.BytewiseComparator
2021/09/09-09:33:40.616592 7f1424f9a700           Options.merge_operator: None
2021/09/09-09:33:40.616593 7f1424f9a700        Options.compaction_filter: None
2021/09/09-09:33:40.616595 7f1424f9a700        Options.compaction_filter_factory: None
2021/09/09-09:33:40.616596 7f1424f9a700  Options.sst_partitioner_factory: None
2021/09/09-09:33:40.616597 7f1424f9a700         Options.memtable_factory: SkipListFactory
2021/09/09-09:33:40.616599 7f1424f9a700            Options.table_factory: BlockBasedTable
2021/09/09-09:33:40.616622 7f1424f9a700            table_factory options:   flush_block_policy_factory: FlushBlockBySizePolicyFactory (0x7f1421754cc0)
  cache_index_and_filter_blocks: 0
  cache_index_and_filter_blocks_with_high_priority: 1
  pin_l0_filter_and_index_blocks_in_cache: 0
  pin_top_level_index_and_filter: 1
  index_type: 0
  data_block_index_type: 0
  index_shortening: 1
  data_block_hash_table_util_ratio: 0.750000
  hash_index_allow_collision: 1
  checksum: 1
  no_block_cache: 0
  block_cache: 0x7f1421754d00
  block_cache_name: LRUCache
  block_cache_options:
    capacity : 8388608
    num_shard_bits : 4
    strict_capacity_limit : 0
    memory_allocator : None
    high_pri_pool_ratio: 0.000
  block_cache_compressed: (nil)
  persistent_cache: (nil)
  block_size: 4096
  block_size_deviation: 10
  block_restart_interval: 16
  index_block_restart_interval: 1
  metadata_block_size: 4096
  partition_filters: 0
  use_delta_encoding: 1
  filter_policy: nullptr
  whole_key_filtering: 1
  verify_compression: 0
  read_amp_bytes_per_bit: 0
  format_version: 4
  enable_index_compression: 1
  block_align: 0
2021/09/09-09:33:40.616626 7f1424f9a700        Options.write_buffer_size: 67108864
2021/09/09-09:33:40.616628 7f1424f9a700  Options.max_write_buffer_number: 2
2021/09/09-09:33:40.616630 7f1424f9a700          Options.compression: Snappy
2021/09/09-09:33:40.616631 7f1424f9a700                  Options.bottommost_compression: Disabled
2021/09/09-09:33:40.616632 7f1424f9a700       Options.prefix_extractor: nullptr
2021/09/09-09:33:40.616634 7f1424f9a700   Options.memtable_insert_with_hint_prefix_extractor: nullptr
2021/09/09-09:33:40.616635 7f1424f9a700             Options.num_levels: 7
2021/09/09-09:33:40.616644 7f1424f9a700        Options.min_write_buffer_number_to_merge: 1
2021/09/09-09:33:40.616646 7f1424f9a700     Options.max_write_buffer_number_to_maintain: 0
2021/09/09-09:33:40.616647 7f1424f9a700     Options.max_write_buffer_size_to_maintain: 134217728
2021/09/09-09:33:40.616649 7f1424f9a700            Options.bottommost_compression_opts.window_bits: -14
2021/09/09-09:33:40.616650 7f1424f9a700                  Options.bottommost_compression_opts.level: 32767
2021/09/09-09:33:40.616651 7f1424f9a700               Options.bottommost_compression_opts.strategy: 0
2021/09/09-09:33:40.616652 7f1424f9a700         Options.bottommost_compression_opts.max_dict_bytes: 0
2021/09/09-09:33:40.616653 7f1424f9a700         Options.bottommost_compression_opts.zstd_max_train_bytes: 0
2021/09/09-09:33:40.616655 7f1424f9a700         Options.bottommost_compression_opts.parallel_threads: 1
2021/09/09-09:33:40.616656 7f1424f9a700                  Options.bottommost_compression_opts.enabled: false
2021/09/09-09:33:40.616657 7f1424f9a700            Options.compression_opts.window_bits: -14
2021/09/09-09:33:40.616658 7f1424f9a700                  Options.compression_opts.level: 32767
2021/09/09-09:33:40.616660 7f1424f9a700               Options.compression_opts.strategy: 0
2021/09/09-09:33:40.616661 7f1424f9a700         Options.compression_opts.max_dict_bytes: 0
2021/09/09-09:33:40.616662 7f1424f9a700         Options.compression_opts.zstd_max_train_bytes: 0
2021/09/09-09:33:40.616663 7f1424f9a700         Options.compression_opts.parallel_threads: 1
2021/09/09-09:33:40.616664 7f1424f9a700                  Options.compression_opts.enabled: false
2021/09/09-09:33:40.616665 7f1424f9a700      Options.level0_file_num_compaction_trigger: 4
2021/09/09-09:33:40.616667 7f1424f9a700          Options.level0_slowdown_writes_trigger: 20
2021/09/09-09:33:40.616668 7f1424f9a700              Options.level0_stop_writes_trigger: 36
2021/09/09-09:33:40.616669 7f1424f9a700                   Options.target_file_size_base: 67108864
2021/09/09-09:33:40.616670 7f1424f9a700             Options.target_file_size_multiplier: 1
2021/09/09-09:33:40.616672 7f1424f9a700                Options.max_bytes_for_level_base: 268435456
2021/09/09-09:33:40.616673 7f1424f9a700 Options.level_compaction_dynamic_level_bytes: 0
2021/09/09-09:33:40.616674 7f1424f9a700          Options.max_bytes_for_level_multiplier: 10.000000
2021/09/09-09:33:40.616676 7f1424f9a700 Options.max_bytes_for_level_multiplier_addtl[0]: 1
2021/09/09-09:33:40.616677 7f1424f9a700 Options.max_bytes_for_level_multiplier_addtl[1]: 1
2021/09/09-09:33:40.616679 7f1424f9a700 Options.max_bytes_for_level_multiplier_addtl[2]: 1
2021/09/09-09:33:40.616680 7f1424f9a700 Options.max_bytes_for_level_multiplier_addtl[3]: 1
2021/09/09-09:33:40.616681 7f1424f9a700 Options.max_bytes_for_level_multiplier_addtl[4]: 1
2021/09/09-09:33:40.616682 7f1424f9a700 Options.max_bytes_for_level_multiplier_addtl[5]: 1
2021/09/09-09:33:40.616684 7f1424f9a700 Options.max_bytes_for_level_multiplier_addtl[6]: 1
2021/09/09-09:33:40.616685 7f1424f9a700       Options.max_sequential_skip_in_iterations: 8
2021/09/09-09:33:40.616686 7f1424f9a700                    Options.max_compaction_bytes: 1677721600
2021/09/09-09:33:40.616687 7f1424f9a700                        Options.arena_block_size: 8388608
2021/09/09-09:33:40.616688 7f1424f9a700   Options.soft_pending_compaction_bytes_limit: 68719476736
2021/09/09-09:33:40.616690 7f1424f9a700   Options.hard_pending_compaction_bytes_limit: 274877906944
2021/09/09-09:33:40.616691 7f1424f9a700       Options.rate_limit_delay_max_milliseconds: 100
2021/09/09-09:33:40.616692 7f1424f9a700                Options.disable_auto_compactions: 1
2021/09/09-09:33:40.616693 7f1424f9a700                        Options.compaction_style: kCompactionStyleLevel
2021/09/09-09:33:40.616695 7f1424f9a700                          Options.compaction_pri: kMinOverlappingRatio
2021/09/09-09:33:40.616696 7f1424f9a700 Options.compaction_options_universal.size_ratio: 1
2021/09/09-09:33:40.616697 7f1424f9a700 Options.compaction_options_universal.min_merge_width: 2
2021/09/09-09:33:40.616705 7f1424f9a700 Options.compaction_options_universal.max_merge_width: 4294967295
2021/09/09-09:33:40.616706 7f1424f9a700 Options.compaction_options_universal.max_size_amplification_percent: 200
2021/09/09-09:33:40.616708 7f1424f9a700 Options.compaction_options_universal.compression_size_percent: -1
2021/09/09-09:33:40.616709 7f1424f9a700 Options.compaction_options_universal.stop_style: kCompactionStopStyleTotalSize
2021/09/09-09:33:40.616710 7f1424f9a700 Options.compaction_options_fifo.max_table_files_size: 1073741824
2021/09/09-09:33:40.616712 7f1424f9a700 Options.compaction_options_fifo.allow_compaction: 0
2021/09/09-09:33:40.616714 7f1424f9a700                   Options.table_properties_collectors: 
2021/09/09-09:33:40.616716 7f1424f9a700                   Options.inplace_update_support: 0
2021/09/09-09:33:40.616717 7f1424f9a700                 Options.inplace_update_num_locks: 10000
2021/09/09-09:33:40.616718 7f1424f9a700               Options.memtable_prefix_bloom_size_ratio: 0.000000
2021/09/09-09:33:40.616720 7f1424f9a700               Options.memtable_whole_key_filtering: 0
2021/09/09-09:33:40.616722 7f1424f9a700   Options.memtable_huge_page_size: 0
2021/09/09-09:33:40.616723 7f1424f9a700                           Options.bloom_locality: 0
2021/09/09-09:33:40.616724 7f1424f9a700                    Options.max_successive_merges: 0
2021/09/09-09:33:40.616725 7f1424f9a700                Options.optimize_filters_for_hits: 0
2021/09/09-09:33:40.616726 7f1424f9a700                Options.paranoid_file_checks: 0
2021/09/09-09:33:40.616727 7f1424f9a700                Options.force_consistency_checks: 1
2021/09/09-09:33:40.616729 7f1424f9a700                Options.report_bg_io_stats: 0
2021/09/09-09:33:40.616730 7f1424f9a700                               Options.ttl: 2592000
2021/09/09-09:33:40.616731 7f1424f9a700          Options.periodic_compaction_seconds: 0
2021/09/09-09:33:40.616732 7f1424f9a700                    Options.enable_blob_files: false
2021/09/09-09:33:40.616733 7f1424f9a700                        Options.min_blob_size: 0
2021/09/09-09:33:40.616735 7f1424f9a700                       Options.blob_file_size: 268435456
2021/09/09-09:33:40.616736 7f1424f9a700                Options.blob_compression_type: NoCompression
2021/09/09-09:33:40.616738 7f1424f9a700       Options.enable_blob_garbage_collection: false
2021/09/09-09:33:40.616739 7f1424f9a700   Options.blob_garbage_collection_age_cutoff: 0.250000
2021/09/09-09:33:40.616771 7f1424f9a700 [/column_family.cc:597] --------------- Options for column family []:
2021/09/09-09:33:40.616774 7f1424f9a700               Options.comparator: leveldb.BytewiseComparator
2021/09/09-09:33:40.616776 7f1424f9a700           Options.merge_operator: None
2021/09/09-09:33:40.616777 7f1424f9a700        Options.compaction_filter: None
2021/09/09-09:33:40.616778 7f1424f9a700        Options.compaction_filter_factory: None
2021/09/09-09:33:40.616779 7f1424f9a700  Options.sst_partitioner_factory: None
2021/09/09-09:33:40.616781 7f1424f9a700         Options.memtable_factory: SkipListFactory
2021/09/09-09:33:40.616782 7f1424f9a700            Options.table_factory: BlockBasedTable
2021/09/09-09:33:40.616801 7f1424f9a700            table_factory options:   flush_block_policy_factory: FlushBlockBySizePolicyFactory (0x7f1421756a60)
  cache_index_and_filter_blocks: 0
  cache_index_and_filter_blocks_with_high_priority: 1
  pin_l0_filter_and_index_blocks_in_cache: 0
  pin_top_level_index_and_filter: 1
  index_type: 0
  data_block_index_type: 0
  index_shortening: 1
  data_block_hash_table_util_ratio: 0.750000
  hash_index_allow_collision: 1
  checksum: 1
  no_block_cache: 0
  block_cache: 0x7f1421756aa0
  block_cache_name: LRUCache
  block_cache_options:
    capacity : 8388608
    num_shard_bits : 4
    strict_capacity_limit : 0
    memory_allocator : None
    high_pri_pool_ratio: 0.000
  block_cache_compressed: (nil)
  persistent_cache: (nil)
  block_size: 4096
  block_size_deviation: 10
  block_restart_interval: 16
  index_block_restart_interval: 1
  metadata_block_size: 4096
  partition_filters: 0
  use_delta_encoding: 1
  filter_policy: nullptr
  whole_key_filtering: 1
  verify_compression: 0
  read_amp_bytes_per_bit: 0
  format_version: 4
  enable_index_compression: 1
  block_align: 0
2021/09/09-09:33:40.616811 7f1424f9a700        Options.write_buffer_size: 67108864
2021/09/09-09:33:40.616813 7f1424f9a700  Options.max_write_buffer_number: 2
2021/09/09-09:33:40.616815 7f1424f9a700          Options.compression: Snappy
2021/09/09-09:33:40.616816 7f1424f9a700                  Options.bottommost_compression: Disabled
2021/09/09-09:33:40.616817 7f1424f9a700       Options.prefix_extractor: nullptr
2021/09/09-09:33:40.616819 7f1424f9a700   Options.memtable_insert_with_hint_prefix_extractor: nullptr
2021/09/09-09:33:40.616820 7f1424f9a700             Options.num_levels: 7
2021/09/09-09:33:40.616821 7f1424f9a700        Options.min_write_buffer_number_to_merge: 1
2021/09/09-09:33:40.616822 7f1424f9a700     Options.max_write_buffer_number_to_maintain: 0
2021/09/09-09:33:40.616824 7f1424f9a700     Options.max_write_buffer_size_to_maintain: 134217728
2021/09/09-09:33:40.616825 7f1424f9a700            Options.bottommost_compression_opts.window_bits: -14
2021/09/09-09:33:40.616826 7f1424f9a700                  Options.bottommost_compression_opts.level: 32767
2021/09/09-09:33:40.616827 7f1424f9a700               Options.bottommost_compression_opts.strategy: 0
2021/09/09-09:33:40.616828 7f1424f9a700         Options.bottommost_compression_opts.max_dict_bytes: 0
2021/09/09-09:33:40.616830 7f1424f9a700         Options.bottommost_compression_opts.zstd_max_train_bytes: 0
2021/09/09-09:33:40.616831 7f1424f9a700         Options.bottommost_compression_opts.parallel_threads: 1
2021/09/09-09:33:40.616832 7f1424f9a700                  Options.bottommost_compression_opts.enabled: false
2021/09/09-09:33:40.616833 7f1424f9a700            Options.compression_opts.window_bits: -14
2021/09/09-09:33:40.616834 7f1424f9a700                  Options.compression_opts.level: 32767
2021/09/09-09:33:40.616835 7f1424f9a700               Options.compression_opts.strategy: 0
2021/09/09-09:33:40.616837 7f1424f9a700         Options.compression_opts.max_dict_bytes: 0
2021/09/09-09:33:40.616838 7f1424f9a700         Options.compression_opts.zstd_max_train_bytes: 0
2021/09/09-09:33:40.616839 7f1424f9a700         Options.compression_opts.parallel_threads: 1
2021/09/09-09:33:40.616840 7f1424f9a700                  Options.compression_opts.enabled: false
2021/09/09-09:33:40.616841 7f1424f9a700      Options.level0_file_num_compaction_trigger: 4
2021/09/09-09:33:40.616843 7f1424f9a700          Options.level0_slowdown_writes_trigger: 20
2021/09/09-09:33:40.616844 7f1424f9a700              Options.level0_stop_writes_trigger: 36
2021/09/09-09:33:40.616845 7f1424f9a700                   Options.target_file_size_base: 67108864
2021/09/09-09:33:40.616846 7f1424f9a700             Options.target_file_size_multiplier: 1
2021/09/09-09:33:40.616847 7f1424f9a700                Options.max_bytes_for_level_base: 268435456
2021/09/09-09:33:40.616849 7f1424f9a700 Options.level_compaction_dynamic_level_bytes: 0
2021/09/09-09:33:40.616850 7f1424f9a700          Options.max_bytes_for_level_multiplier: 10.000000
2021/09/09-09:33:40.616852 7f1424f9a700 Options.max_bytes_for_level_multiplier_addtl[0]: 1
2021/09/09-09:33:40.616853 7f1424f9a700 Options.max_bytes_for_level_multiplier_addtl[1]: 1
2021/09/09-09:33:40.616855 7f1424f9a700 Options.max_bytes_for_level_multiplier_addtl[2]: 1
2021/09/09-09:33:40.616856 7f1424f9a700 Options.max_bytes_for_level_multiplier_addtl[3]: 1
2021/09/09-09:33:40.616857 7f1424f9a700 Options.max_bytes_for_level_multiplier_addtl[4]: 1
2021/09/09-09:33:40.616858 7f1424f9a700 Options.max_bytes_for_level_multiplier_addtl[5]: 1
2021/09/09-09:33:40.616859 7f1424f9a700 Options.max_bytes_for_level_multiplier_addtl[6]: 1
2021/09/09-09:33:40.616861 7f1424f9a700       Options.max_sequential_skip_in_iterations: 8
2021/09/09-09:33:40.616862 7f1424f9a700                    Options.max_compaction_bytes: 1677721600
2021/09/09-09:33:40.616870 7f1424f9a700                        Options.arena_block_size: 8388608
2021/09/09-09:33:40.616872 7f1424f9a700   Options.soft_pending_compaction_bytes_limit: 68719476736
2021/09/09-09:33:40.616874 7f1424f9a700   Options.hard_pending_compaction_bytes_limit: 274877906944
2021/09/09-09:33:40.616875 7f1424f9a700       Options.rate_limit_delay_max_milliseconds: 100
2021/09/09-09:33:40.616876 7f1424f9a700                Options.disable_auto_compactions: 1
2021/09/09-09:33:40.616877 7f1424f9a700                        Options.compaction_style: kCompactionStyleLevel
2021/09/09-09:33:40.616879 7f1424f9a700                          Options.compaction_pri: kMinOverlappingRatio
2021/09/09-09:33:40.616880 7f1424f9a700 Options.compaction_options_universal.size_ratio: 1
2021/09/09-09:33:40.616881 7f1424f9a700 Options.compaction_options_universal.min_merge_width: 2
2021/09/09-09:33:40.616882 7f1424f9a700 Options.compaction_options_universal.max_merge_width: 4294967295
2021/09/09-09:33:40.616884 7f1424f9a700 Options.compaction_options_universal.max_size_amplification_percent: 200
2021/09/09-09:33:40.616885 7f1424f9a700 Options.compaction_options_universal.compression_size_percent: -1
2021/09/09-09:33:40.616886 7f1424f9a700 Options.compaction_options_universal.stop_style: kCompactionStopStyleTotalSize
2021/09/09-09:33:40.616887 7f1424f9a700 Options.compaction_options_fifo.max_table_files_size: 1073741824
2021/09/09-09:33:40.616889 7f1424f9a700 Options.compaction_options_fifo.allow_compaction: 0
2021/09/09-09:33:40.616891 7f1424f9a700                   Options.table_properties_collectors: 
2021/09/09-09:33:40.616893 7f1424f9a700                   Options.inplace_update_support: 0
2021/09/09-09:33:40.616894 7f1424f9a700                 Options.inplace_update_num_locks: 10000
2021/09/09-09:33:40.616895 7f1424f9a700               Options.memtable_prefix_bloom_size_ratio: 0.000000
2021/09/09-09:33:40.616897 7f1424f9a700               Options.memtable_whole_key_filtering: 0
2021/09/09-09:33:40.616898 7f1424f9a700   Options.memtable_huge_page_size: 0
2021/09/09-09:33:40.616899 7f1424f9a700                           Options.bloom_locality: 0
2021/09/09-09:33:40.616900 7f1424f9a700                    Options.max_successive_merges: 0
2021/09/09-09:33:40.616901 7f1424f9a700                Options.optimize_filters_for_hits: 0
2021/09/09-09:33:40.616903 7f1424f9a700                Options.paranoid_file_checks: 0
2021/09/09-09:33:40.616904 7f1424f9a700                Options.force_consistency_checks: 1
2021/09/09-09:33:40.616905 7f1424f9a700                Options.report_bg_io_stats: 0
2021/09/09-09:33:40.616906 7f1424f9a700                               Options.ttl: 2592000
2021/09/09-09:33:40.616907 7f1424f9a700          Options.periodic_compaction_seconds: 0
2021/09/09-09:33:40.616909 7f1424f9a700                    Options.enable_blob_files: false
2021/09/09-09:33:40.616910 7f1424f9a700                        Options.min_blob_size: 0
2021/09/09-09:33:40.616911 7f1424f9a700                       Options.blob_file_size: 268435456
2021/09/09-09:33:40.616912 7f1424f9a700                Options.blob_compression_type: NoCompression
2021/09/09-09:33:40.616914 7f1424f9a700       Options.enable_blob_garbage_collection: false
2021/09/09-09:33:40.616915 7f1424f9a700   Options.blob_garbage_collection_age_cutoff: 0.250000
2021/09/09-09:33:40.616949 7f1424f9a700 [/column_family.cc:597] --------------- Options for column family []:
2021/09/09-09:33:40.616952 7f1424f9a700               Options.comparator: leveldb.BytewiseComparator
2021/09/09-09:33:40.616953 7f1424f9a700           Options.merge_operator: None
2021/09/09-09:33:40.616955 7f1424f9a700        Options.compaction_filter: None
2021/09/09-09:33:40.616956 7f1424f9a700        Options.compaction_filter_factory: None
2021/09/09-09:33:40.616957 7f1424f9a700  Options.sst_partitioner_factory: None
2021/09/09-09:33:40.616958 7f1424f9a700         Options.memtable_factory: SkipListFactory
2021/09/09-09:33:40.616960 7f1424f9a700            Options.table_factory: BlockBasedTable
2021/09/09-09:33:40.616987 7f1424f9a700            table_factory options:   flush_block_policy_factory: FlushBlockBySizePolicyFactory (0x7f1421758a60)
  cache_index_and_filter_blocks: 0
  cache_index_and_filter_blocks_with_high_priority: 1
  pin_l0_filter_and_index_blocks_in_cache: 0
  pin_top_level_index_and_filter: 1
  index_type: 0
  data_block_index_type: 0
  index_shortening: 1
  data_block_hash_table_util_ratio: 0.750000
  hash_index_allow_collision: 1
  checksum: 1
  no_block_cache: 0
  block_cache: 0x7f1421758aa0
  block_cache_name: LRUCache
  block_cache_options:
    capacity : 8388608
    num_shard_bits : 4
    strict_capacity_limit : 0
    memory_allocator : None
    high_pri_pool_ratio: 0.000
  block_cache_compressed: (nil)
  persistent_cache: (nil)
  block_size: 4096
  block_size_deviation: 10
  block_restart_interval: 16
  index_block_restart_interval: 1
  metadata_block_size: 4096
  partition_filters: 0
  use_delta_encoding: 1
  filter_policy: nullptr
  whole_key_filtering: 1
  verify_compression: 0
  read_amp_bytes_per_bit: 0
  format_version: 4
  enable_index_compression: 1
  block_align: 0
2021/09/09-09:33:40.616989 7f1424f9a700        Options.write_buffer_size: 67108864
2021/09/09-09:33:40.616991 7f1424f9a700  Options.max_write_buffer_number: 2
2021/09/09-09:33:40.616992 7f1424f9a700          Options.compression: Snappy
2021/09/09-09:33:40.616994 7f1424f9a700                  Options.bottommost_compression: Disabled
2021/09/09-09:33:40.616995 7f1424f9a700       Options.prefix_extractor: nullptr
2021/09/09-09:33:40.616996 7f1424f9a700   Options.memtable_insert_with_hint_prefix_extractor: nullptr
2021/09/09-09:33:40.616997 7f1424f9a700             Options.num_levels: 7
2021/09/09-09:33:40.616999 7f1424f9a700        Options.min_write_buffer_number_to_merge: 1
2021/09/09-09:33:40.617000 7f1424f9a700     Options.max_write_buffer_number_to_maintain: 0
2021/09/09-09:33:40.617001 7f1424f9a700     Options.max_write_buffer_size_to_maintain: 134217728
2021/09/09-09:33:40.617002 7f1424f9a700            Options.bottommost_compression_opts.window_bits: -14
2021/09/09-09:33:40.617003 7f1424f9a700                  Options.bottommost_compression_opts.level: 32767
2021/09/09-09:33:40.617005 7f1424f9a700               Options.bottommost_compression_opts.strategy: 0
2021/09/09-09:33:40.617006 7f1424f9a700         Options.bottommost_compression_opts.max_dict_bytes: 0
2021/09/09-09:33:40.617007 7f1424f9a700         Options.bottommost_compression_opts.zstd_max_train_bytes: 0
2021/09/09-09:33:40.617008 7f1424f9a700         Options.bottommost_compression_opts.parallel_threads: 1
2021/09/09-09:33:40.617009 7f1424f9a700                  Options.bottommost_compression_opts.enabled: false
2021/09/09-09:33:40.617010 7f1424f9a700            Options.compression_opts.window_bits: -14
2021/09/09-09:33:40.617012 7f1424f9a700                  Options.compression_opts.level: 32767
2021/09/09-09:33:40.617013 7f1424f9a700               Options.compression_opts.strategy: 0
